=======================================================
  Multiplication de matrices avec AVX-512
  Tests avec différentes tailles de matrices
=======================================================

========================================
  Test avec matrices 256x256
========================================

Premiers éléments de A:
  0.03   0.33   0.69   0.42   0.21   0.25   0.64   0.86   0.30   0.02   0.36   0.77   0.32   0.14   0.11   0.76 
  0.91   0.03   0.21   0.17   0.61   0.27   0.28   0.04   0.49   0.33   0.97   0.36   0.28   0.52   0.83   0.54 
  0.22   0.06   0.81   0.08   0.72   0.24   0.93   0.72   0.35   0.57   0.42   0.81   0.99   0.58   0.31   0.48 
  0.80   0.33   0.01   0.21   0.60   0.25   0.50   0.04   0.59   0.26   0.88   0.60   0.12   0.83   0.98   0.44 
  0.67   0.48   0.57   0.68   0.23   0.65   0.10   0.14   0.67   0.55   0.59   0.83   0.36   0.89   0.89   0.81 
  0.04   0.84   0.22   0.61   0.45   0.12   0.40   0.48   0.47   0.31   0.17   0.50   0.24   0.58   0.22   0.13 
  0.02   0.09   0.27   0.01   0.12   0.42   0.92   0.92   0.16   0.43   0.15   0.90   0.07   0.11   0.64   0.98 
  0.48   0.91   0.09   0.25   0.16   0.65   0.50   0.51   0.86   0.02   0.50   0.05   0.66   0.12   0.07   0.41 
  0.78   0.41   0.89   0.69   0.45   0.58   0.15   0.08   0.37   0.68   0.89   0.59   0.75   0.57   0.03   0.26 
  0.48   0.27   0.90   0.89   0.05   0.19   0.15   0.49   0.49   0.89   0.05   0.86   0.04   0.75   0.17   0.99 
  0.09   0.83   0.51   0.14   0.29   0.33   0.51   0.13   0.48   0.51   0.01   0.16   0.09   0.96   0.20   0.41 
  0.22   0.10   0.05   0.35   0.77   0.69   0.56   0.67   0.23   0.02   0.20   0.61   0.33   0.21   0.27   0.14 
  0.66   0.41   0.39   0.31   0.54   0.71   0.46   0.99   0.69   0.42   0.07   0.82   0.76   0.15   0.32   0.16 
  0.23   0.86   0.34   0.23   0.37   0.81   0.82   0.38   0.30   0.60   0.48   0.34   0.74   0.26   0.62   0.59 
  0.81   0.17   0.58   0.68   0.36   0.03   0.04   0.88   0.70   0.07   0.67   0.46   0.41   0.28   0.62   0.84 
  0.24   0.16   0.64   0.94   0.11   0.59   0.64   0.26   0.97   0.14   0.20   0.73   0.80   0.28   0.79   0.23 
... (matrice 256x256)

Premiers éléments de B:
  0.10   0.42   0.45   0.23   0.22   0.38   0.97   0.57   1.00   0.66   0.35   0.59   0.50   0.21   0.83   0.43 
  0.05   0.81   0.39   0.80   0.46   0.65   0.08   0.98   0.05   0.67   0.79   0.46   0.97   0.80   0.03   0.50 
  0.89   0.60   0.56   0.54   0.12   0.25   0.43   0.58   0.72   0.28   0.46   0.37   0.14   0.23   0.99   0.53 
  0.91   0.25   0.85   0.34   0.66   0.21   0.74   0.50   0.48   0.29   0.36   0.46   0.55   0.84   0.32   0.41 
  0.10   0.90   0.38   0.14   0.93   0.30   0.22   0.53   0.95   0.63   0.44   0.38   0.91   0.04   0.76   0.48 
  0.73   0.88   0.95   0.24   0.45   0.13   0.30   0.66   0.46   0.01   0.99   0.03   0.41   0.28   0.76   0.01 
  0.24   0.95   0.46   0.01   0.57   0.77   0.18   1.00   0.21   0.11   0.94   0.52   0.61   0.55   0.20   0.87 
  0.23   0.97   0.40   0.10   0.56   0.86   0.79   0.50   0.37   0.73   0.60   0.53   0.57   0.28   0.81   0.52 
  0.90   0.23   0.28   0.16   0.75   0.51   0.36   0.15   0.28   0.47   0.98   0.95   0.39   0.75   0.66   0.27 
  0.27   0.51   0.97   0.15   0.79   0.68   0.51   0.55   0.16   0.82   0.13   0.78   0.25   0.73   0.08   0.19 
  0.74   0.94   0.50   0.39   0.68   0.14   0.82   0.05   0.63   0.22   0.96   0.39   0.49   0.86   0.99   0.89 
  0.50   0.89   0.37   0.01   0.49   0.69   0.09   0.63   0.63   0.63   0.48   0.47   0.83   0.23   0.89   0.47 
  0.70   0.50   0.17   0.31   0.81   0.40   0.73   0.73   0.74   0.99   0.30   0.14   0.57   0.42   0.01   0.51 
  0.97   0.82   0.44   0.84   0.71   0.66   0.82   0.57   0.86   0.01   0.75   0.74   0.64   0.13   0.12   0.23 
  0.85   0.33   0.32   0.57   0.48   0.15   0.63   0.95   0.73   0.60   0.11   0.76   0.87   0.29   0.71   0.91 
  0.59   0.91   0.58   0.60   0.18   0.26   0.96   0.87   0.63   0.22   0.73   0.58   0.44   0.38   0.61   0.19 
... (matrice 256x256)

--- Version naïve ---
Temps: 0.092 secondes

Premiers éléments de C (naïve):
 67.05  66.24  69.08  65.85  65.16  67.03  64.20  72.01  65.44  61.45  64.11  66.86  72.80  61.46  66.65  67.12 
 62.36  61.01  60.68  62.17  62.15  61.40  61.32  64.93  59.49  58.34  57.96  63.13  66.45  55.47  58.46  59.87 
 64.38  63.19  62.31  61.32  63.80  66.31  61.65  70.04  64.96  61.47  60.85  65.21  67.07  58.62  63.53  61.48 
 59.80  61.28  59.74  56.49  60.10  59.64  55.50  61.92  59.54  56.96  57.32  60.07  62.13  53.58  58.43  58.43 
 66.56  64.56  65.74  64.76  66.27  68.51  62.20  72.19  68.94  63.30  62.94  68.21  68.14  62.28  66.90  63.18 
 62.36  60.60  62.27  60.49  63.20  64.75  57.06  65.06  62.19  61.77  58.67  62.71  66.66  55.57  63.55  60.51 
 68.34  68.80  64.80  65.19  66.12  68.06  64.74  72.97  65.67  63.77  68.10  67.15  69.19  60.79  66.13  64.28 
 65.80  65.23  65.88  63.17  66.36  67.30  62.16  70.28  64.15  63.13  61.72  67.57  69.49  63.00  64.49  64.19 
 66.38  64.34  68.88  64.93  67.05  67.06  62.23  72.73  66.07  66.58  63.19  65.62  70.51  61.01  65.75  63.34 
 65.09  66.46  69.26  64.93  63.67  66.67  62.03  69.54  64.46  63.83  61.39  63.16  68.31  59.77  66.18  63.11 
 65.02  63.07  63.94  63.14  61.34  65.64  61.87  69.43  62.98  59.09  59.61  65.15  65.70  56.81  61.60  62.16 
 63.12  62.81  63.90  60.99  61.00  61.79  60.93  68.70  63.93  61.35  60.42  63.37  62.94  57.04  63.60  61.40 
 65.37  63.84  61.82  63.51  65.16  69.33  61.61  71.65  63.42  65.32  62.88  64.88  68.04  60.00  67.15  61.72 
 64.77  65.10  65.13  63.20  64.18  66.16  61.87  69.25  63.20  63.77  61.15  65.38  66.72  58.53  63.46  61.13 
 65.01  65.68  66.85  67.83  67.71  67.37  65.13  69.40  66.31  65.81  63.24  69.23  69.70  60.41  65.91  65.13 
 66.22  65.40  65.10  66.69  70.77  68.05  64.45  72.72  64.22  62.17  64.65  69.37  69.38  62.05  63.92  62.16 
... (matrice 256x256)

--- Version AVX-512 ---
Temps: 0.072 secondes

Premiers éléments de C (AVX-512):
 67.05  66.24  69.08  65.85  65.16  67.03  64.20  72.01  65.44  61.45  64.11  66.86  72.80  61.46  66.65  67.12 
 62.36  61.01  60.68  62.17  62.15  61.40  61.32  64.93  59.49  58.34  57.96  63.13  66.45  55.47  58.46  59.87 
 64.38  63.19  62.31  61.32  63.80  66.31  61.65  70.04  64.96  61.47  60.85  65.21  67.07  58.62  63.53  61.48 
 59.80  61.28  59.74  56.49  60.10  59.64  55.50  61.92  59.54  56.96  57.32  60.07  62.13  53.58  58.43  58.43 
 66.56  64.56  65.74  64.76  66.27  68.51  62.20  72.19  68.94  63.30  62.94  68.21  68.14  62.28  66.90  63.18 
 62.36  60.60  62.27  60.49  63.20  64.75  57.06  65.06  62.19  61.77  58.67  62.71  66.66  55.57  63.55  60.51 
 68.34  68.80  64.80  65.19  66.12  68.06  64.74  72.97  65.67  63.77  68.10  67.15  69.19  60.79  66.13  64.28 
 65.80  65.23  65.88  63.17  66.36  67.30  62.16  70.28  64.15  63.13  61.72  67.57  69.49  63.00  64.49  64.19 
 66.38  64.34  68.88  64.93  67.05  67.06  62.23  72.73  66.07  66.58  63.19  65.62  70.51  61.01  65.75  63.34 
 65.09  66.46  69.26  64.93  63.67  66.67  62.03  69.54  64.46  63.83  61.39  63.16  68.31  59.77  66.18  63.11 
 65.02  63.07  63.94  63.14  61.34  65.64  61.87  69.43  62.98  59.09  59.61  65.15  65.70  56.81  61.60  62.16 
 63.12  62.81  63.90  60.99  61.00  61.79  60.93  68.70  63.93  61.35  60.42  63.37  62.94  57.04  63.60  61.40 
 65.37  63.84  61.82  63.51  65.16  69.33  61.61  71.65  63.42  65.32  62.88  64.88  68.04  60.00  67.15  61.72 
 64.77  65.10  65.13  63.20  64.18  66.16  61.87  69.25  63.20  63.77  61.15  65.38  66.72  58.53  63.46  61.13 
 65.01  65.68  66.85  67.83  67.71  67.37  65.13  69.40  66.31  65.81  63.24  69.23  69.70  60.41  65.91  65.13 
 66.22  65.40  65.10  66.69  70.77  68.05  64.45  72.72  64.22  62.17  64.65  69.37  69.38  62.05  63.92  62.16 
... (matrice 256x256)

--- Vérification ---
[OK] Résultats identiques

--- Performance ---
Speedup: 1.28x
Gain de temps: 0.020 secondes (21.6%)

========================================
  Test avec matrices 512x512
========================================

--- Version naïve ---
Temps: 0.752 secondes

--- Version AVX-512 ---
Temps: 0.472 secondes

--- Vérification ---
[OK] Résultats identiques

--- Performance ---
Speedup: 1.59x
Gain de temps: 0.280 secondes (37.3%)

========================================
  Test avec matrices 768x768
========================================

--- Version naïve ---
Temps: 2.817 secondes

--- Version AVX-512 ---
Temps: 1.636 secondes

--- Vérification ---
[OK] Résultats identiques

--- Performance ---
Speedup: 1.72x
Gain de temps: 1.181 secondes (41.9%)

========================================
  Test avec matrices 1024x1024
========================================

--- Version naïve ---
Temps: 19.877 secondes

--- Version AVX-512 ---
Temps: 3.750 secondes

--- Vérification ---
[OK] Résultats identiques

--- Performance ---
Speedup: 5.30x
Gain de temps: 16.128 secondes (81.1%)

========================================
  Test avec matrices 1536x1536
========================================

--- Version naïve ---
Temps: 62.406 secondes

--- Version AVX-512 ---
Temps: 12.517 secondes

--- Vérification ---
[OK] Résultats identiques

--- Performance ---
Speedup: 4.99x
Gain de temps: 49.889 secondes (79.9%)


========================================
  RÉCAPITULATIF DES RÉSULTATS
========================================
Taille     | Naïve (s)   | AVX-512 (s)  | Speedup  | Erreurs   
-----------|--------------|--------------|----------|------------
256       x256 |        0.092 |        0.072 |     1.28x |          0
512       x512 |        0.752 |        0.472 |     1.59x |          0
768       x768 |        2.817 |        1.636 |     1.72x |          0
1024      x1024 |       19.877 |        3.750 |     5.30x |          0
1536      x1536 |       62.406 |       12.517 |     4.99x |          0
========================================

Note: Plus les matrices sont grandes, plus le speedup est important!

========================================
  STATISTIQUES GLOBALES
========================================
Speedup moyen: 2.98x
Temps total gagné: 67.498 secondes

Test effectué le: Mon Jan  5 13:28:39 2026
